%YAML:1.0
cameraMatrix: !!opencv-matrix
   rows: 3
   cols: 3
   dt: d
   data: [ 1.0905670156236577e+03, 0., 3.4212695610549969e+02, 0.,
       1.0905331844577961e+03, 2.1627967987365730e+02, 0., 0., 1. ]
distCoeffs: !!opencv-matrix
   rows: 5
   cols: 1
   dt: d
   data: [ -3.4812051194431987e-01, 4.1492324323304786e+00,
       -1.4517726747603520e-05, -3.7009202631546581e-03,
       -3.6428290024989856e+01 ]
